0.115
0.13
0.16
0.185
0.165
0.185
0.22
0.2
0.17
0.235
0.365
0.375
0.425
0.475
0.435
0.44
0.445
0.47
0.48
0.49
0.505
0.495
0.52
0.525
0.525
0.54
0.54
0.55
0.57
0.565
0.585
0.58
0.585
0.57
0.57
0.605
0.635
0.615
0.61
0.6
0.6
0.625
0.62
0.625
0.635
0.625
0.615
0.64
0.64
0.65
0.66
0.65
0.635
0.635
0.645
0.645
0.64
0.665
0.66
0.665
0.64
0.645
0.655
0.66
0.67
0.665
0.655
0.66
0.675
0.67
0.68
0.685
0.685
0.67
0.67
0.675
0.675
0.675
0.67
0.69
0.685
0.665
0.68
0.67
0.67
0.7
0.685
0.69
0.695
0.68
0.68
0.685
0.685
0.695
0.69
0.72
0.695
0.68
0.675
0.68
0.71
0.705
0.71
0.72
0.71
0.7
0.705
0.715
0.71
0.7
0.705
0.7
0.7
0.695
0.695
0.705
0.715
0.705
0.7
0.715
0.715
0.71
0.71
0.71
0.705
0.695
0.715
0.705
0.705
0.705
0.705
0.7
0.705
0.705
0.7
0.69
0.7
0.705
0.69
0.7
0.69
0.695
0.71
0.715
0.705
0.705
0.7
0.71
0.73
0.72
0.725
0.725
0.72
0.715
0.7
0.705
0.7
0.685
0.68
0.695
0.705
0.685
0.69
0.69
0.69
0.685
0.68
0.7
0.69
0.69
0.685
0.685
0.675
0.68
0.68
0.7
0.675
0.68
0.675
0.665
0.665
0.685
0.69
0.68
0.695
0.69
0.69
0.695
0.695
0.695
0.705
0.72
0.72
0.72
0.72
0.73
0.73
0.72
0.715
0.705
0.705
0.7
0.7
0.695
0.69
0.69
0.69
0.7
0.695
0.71
0.705
0.71
0.705
0.69
0.68
0.69
0.695
0.705
0.7
0.72
0.725
0.72
0.745
0.74
0.725
0.725
0.73
0.74
0.74
0.74
0.73
0.72
0.73
0.73
0.72
0.71
0.71
0.715
0.705
0.71
0.725
0.71
0.71
0.72
0.725
0.72
0.7
0.715
0.705
0.705
0.7
0.705
0.695
0.705
0.71
0.71
0.715
0.715
0.725
0.715
0.705
0.7
0.705
0.715
0.715
0.725
0.72
0.71
0.705
0.715
0.72
0.725
0.735
0.735
0.73
0.725
0.73
0.73
0.74
0.74
0.74
0.745
0.735
0.735
0.725
0.725
0.715
0.715
0.72
0.725
0.72
0.72
0.71
0.715
0.71
0.715
0.725
0.72
0.73
0.73
0.725
0.725
0.725
0.73
0.725
0.725
0.725
0.725
0.725
0.73
0.725
0.715
0.72
0.72
0.73
0.725
0.72
0.725
0.72
0.725
0.735
0.73
0.75
0.74
0.735
0.745
0.75
0.735
0.725
0.73
0.725
0.73
0.73
0.73
0.73
0.735
0.725
0.725
0.72
0.715
0.72
0.73
0.725
0.71
0.715
0.705
0.7
0.71
0.705
0.715
0.715
0.71
0.71
0.72
0.715
0.72
0.715
0.725
0.71
0.725
0.735
0.74
0.735
0.73
0.73
0.725
0.71
0.715
0.7
0.695
0.705
0.7
0.7
0.7
0.7
0.705
0.705
0.715
0.71
0.705
0.71
0.69
0.695
0.705
0.72
0.715
0.725
0.725
0.73
0.73
0.74
0.74
0.735
0.725
0.735
0.73
0.745
0.74
0.745
0.75
0.755
0.755
0.765
0.755
0.775
0.765
0.76
0.77
0.78
0.77
0.775
0.78
0.785
0.79
0.79
0.78
0.785
0.785
0.785
0.785
0.79
0.785
0.78
0.775
0.78
0.785
0.78
0.77
0.77
0.765
0.77
0.78
0.78
0.78
0.77
0.765
0.77
0.77
0.77
0.775
0.76
0.755
0.755
0.765
0.77
0.775
0.785
0.75
0.76
0.76
0.76
0.755
0.76
0.75
0.75
0.75
0.75
0.755
0.755
0.755
0.755
0.75
0.765
0.77
0.765
0.76
0.76
0.755
0.755
0.765
0.765
0.765
0.775
0.785
0.785
0.78
0.775
0.775
0.78
0.785
0.785
0.775
0.77
0.77
0.77
0.765
0.76
0.77
0.76
0.76
0.75
0.745
0.735
0.75
0.745
0.745
0.75
0.745
0.75
0.765
0.765
0.765
0.76
0.76
0.755
0.755
0.755
0.755
0.755
0.76
0.76
0.75
0.75
0.755
0.75
0.75
0.76
0.77
0.775
0.765
0.76
0.765
0.765
0.765
0.78
0.78
0.77
0.76
0.77
0.775
0.765
0.765
0.76
0.76
0.765
0.77
0.77
0.76
0.755
0.765
0.765
0.76
0.765
0.765
0.76
0.76
0.76
0.76
0.755
0.755
0.755
0.755
0.745
0.75
0.755
0.75
0.75
0.745
0.74
0.745
0.735
0.725
0.73
0.735
0.73
0.725
0.725
0.725
0.735
0.74
0.725
0.725
0.725
0.725
0.735
0.73
0.735
0.725
0.72
0.72
0.73
0.73
0.73
0.735
0.73
0.72
0.725
0.725
0.715
0.71
0.71
0.715
0.705
0.705
0.705
0.7
0.7
0.695
0.7
0.7
0.705
0.71
0.71
0.71
0.71
0.715
0.71
0.71
0.71
0.71
0.715
0.715
0.72
0.72
0.71
0.725
0.73
0.72
0.725
0.72
0.725
0.725
0.73
0.735
0.72
0.705
0.71
0.71
0.705
0.71
0.72
0.715
0.72
0.715
0.715
0.715
0.72
0.72
0.72
0.725
0.715
0.715
0.7
0.695
0.725
0.72
0.73
0.74
0.735
0.73
0.735
0.74
0.735
0.735
0.735
0.74
0.73
0.725
0.73
0.73
0.735
0.73
0.73
0.725
0.72
0.715
0.72
0.72
0.715
0.72
0.73
0.73
0.735
0.74
0.72
0.715
0.725
0.725
0.72
0.72
0.73
0.735
0.73
0.73
0.725
0.725
0.725
0.73
0.725
0.725
0.72
0.725
0.73
0.735
0.735
0.735
0.735
0.735
0.735
0.735
0.74
0.735
0.735
0.73
0.735
0.735
0.735
0.73
0.735
0.73
0.74
0.735
0.74
0.74
0.735
0.74
0.73
0.74
0.745
0.74
0.74
0.74
0.74
0.74
0.74
0.745
0.74
0.745
0.75
0.755
0.76
0.76
0.76
0.765
0.77
0.765
0.765
0.77
0.77
0.77
0.765
0.765
0.745
0.755
0.73
0.73
0.73
0.735
0.74
0.735
0.74
0.745
0.75
0.75
0.745
0.745
0.755
0.755
0.75
0.75
0.755
0.755
0.75
0.76
0.755
0.765
0.765
0.765
0.765
0.76
0.76
0.76
0.765
0.775
0.77
0.77
0.77
0.775
0.775
0.77
0.77
0.77
0.775
0.785
0.78
0.78
0.78
0.78
0.78
0.785
0.785
0.79
0.79
0.79
0.795
0.795
0.8
0.795
0.795
0.795
0.795
0.795
0.795
0.795
0.795
0.795
0.795
0.795
0.795
0.795
0.79
0.79
0.79
0.79
0.79
0.785
0.785
0.79
0.79
0.79
0.79
0.79
0.795
0.8
0.8
0.795
0.79
0.79
0.795
0.795
0.805
0.81
0.805
0.81
0.82
0.815
0.82
0.815
0.81
0.805
0.8
0.8
0.8
0.795
0.795
0.8
0.795
0.81
0.805
0.805
0.795
0.795
0.795
0.795
0.79
0.8
0.795
0.795
0.795
0.79
0.79
0.795
0.795
0.795
0.8
0.795
0.805
0.81
0.81
0.81
0.805
0.8
0.8
0.805
0.795
0.8
0.805
0.8
0.8
0.8
0.8
0.805
0.8
0.8
0.805
0.8
0.8
0.795
0.795
0.79
0.79
0.805
0.8
0.8
0.81
0.8
0.8
0.8
0.805
0.81
0.805
0.815
0.815
0.81
0.815
0.815
0.815
0.815
0.81
0.81
0.81
0.81
0.815
0.815
0.815
0.82
0.82
0.83
0.825
0.825
0.83
0.83
0.83
0.825
0.825
0.82
0.82
0.82
0.82
0.82
0.825
0.83
0.82
0.825
0.825
0.825
0.815
0.815
0.815
0.81
0.82
0.82
0.825
0.825
0.825
0.825
0.825
0.825
0.82
0.82
0.82
0.82
0.82
0.805
0.82
0.82
0.815
0.81
0.82
0.82
0.825
0.815
0.815
0.815
0.81
0.81
0.82
0.83
0.82
0.82
0.82
0.82
0.82
0.81
0.81
0.815
0.81
0.805
0.805
0.8
0.805
0.805
0.795
0.795
0.79
0.795
0.795
0.795
0.8
0.8
0.8
0.805
0.81
0.81
0.81
0.815
0.82
0.81
0.805
0.815
