0.0905
0.1225
0.1545
0.172
0.2
0.215
0.2205
0.2385
0.257
0.2605
0.275
0.2825
0.29
0.293
0.2955
0.3025
0.3125
0.3155
0.318
0.3205
0.317
0.315
0.333
0.3285
0.338
0.3335
0.3465
0.3465
0.3495
0.3455
0.3485
0.356
0.3495
0.361
0.3565
0.3615
0.3575
0.3565
0.372
0.366
0.3725
0.3725
0.3735
0.376
0.3705
0.3795
0.3875
0.379
0.384
0.3905
0.384
0.3815
0.386
0.39
0.392
0.398
0.3995
0.3975
0.3965
0.41
0.3995
0.397
0.402
0.3965
0.401
0.3985
0.4035
0.408
0.408
0.407
0.407
0.3995
0.4075
0.406
0.4115
0.411
0.412
0.415
0.4195
0.42
0.425
0.4235
0.4255
0.426
0.4245
0.422
0.425
0.429
0.413
0.4285
0.4305
0.438
0.4255
0.4375
0.432
0.435
0.4405
0.4305
0.437
0.4425
0.4295
0.4405
0.4405
0.4465
0.4465
0.434
0.443
0.445
0.44
0.448
0.449
0.448
0.445
0.4595
0.4575
0.455
0.461
0.4615
0.4565
0.451
0.4615
0.465
0.4605
0.451
0.4625
0.4625
0.4625
0.4715
0.475
0.4685
0.4745
0.4575
0.4765
0.467
0.474
0.4695
0.471
0.4675
0.467
0.471
0.473
0.4765
0.476
0.469
0.476
0.4855
0.4865
0.481
0.485
0.482
0.4835
0.4845
0.489
0.4875
0.4855
0.4805
0.49
0.4905
0.4895
0.4905
0.4955
0.4835
0.495
0.4975
0.4885
0.497
0.497
0.4915
0.495
0.4915
0.4975
0.488
0.4915
0.493
0.4945
0.5045
0.4975
0.498
0.4985
0.4925
0.5005
0.5025
0.4955
0.506
0.5035
0.502
0.508
0.5105
0.509
0.4975
0.506
0.5085
0.5075
0.5075
0.5095
0.502
0.515
0.519
0.509
0.5245
0.513
0.5125
0.518
0.5145
0.525
0.5115
0.5185
0.514
0.5135
0.519
0.5115
0.5145
0.517
0.5175
0.523
0.5205
0.5195
0.5155
0.5225
0.5225
0.531
0.5195
0.521
0.5235
0.525
0.5275
0.524
0.5285
0.529
0.5395
0.5355
0.5305
0.5295
0.534
0.534
0.5325
0.541
0.5295
0.5395
0.544
0.5315
0.539
0.541
0.535
0.5355
0.544
0.5345
0.547
0.5395
0.5485
0.545
0.5325
0.55
0.5525
0.5405
0.5425
0.551
0.555
0.5395
0.5425
0.5475
0.543
0.5605
0.543
0.5365
0.548
0.5545
0.552
0.5595
0.5515
0.5455
0.5535
0.5475
0.5625
0.5515
0.554
0.556
0.553
0.5645
0.567
0.561
0.557
0.572
0.55
0.5575
0.5605
0.559
0.5535
0.5625
0.5725
0.566
0.5635
0.5615
0.566
0.561
0.5625
0.5705
0.5645
0.5455
0.5645
0.563
0.5725
0.57
0.579
0.5685
0.579
0.5785
0.5695
0.5735
0.581
0.5715
0.578
0.5695
0.5705
0.575
0.5735
0.5635
0.576
0.579
0.579
0.5735
0.579
0.574
0.571
0.5865
0.5815
0.5815
0.589
0.578
0.581
0.59
0.5845
0.592
0.5895
0.5905
0.5875
0.584
0.5805
0.586
0.5825
0.582
0.579
0.594
0.5845
0.5885
0.584
0.596
0.5895
0.573
0.5925
0.589
0.5895
0.5915
0.5795
0.5875
0.592
0.5905
0.593
0.5915
0.58
0.5905
0.588
0.5825
0.5835
0.6035
0.589
0.59
0.591
0.5845
0.5945
0.5835
0.594
0.5935
0.599
0.5955
0.589
0.5885
0.6065
0.604
0.5945
0.6025
0.6075
0.6095
0.6055
0.595
0.6005
0.604
0.601
0.602
0.5955
0.607
0.6055
0.6125
0.609
0.6045
0.607
0.605
0.597
0.5995
0.601
0.608
0.607
0.62
0.6125
0.616
0.613
0.618
0.6085
0.617
0.619
0.6125
0.6135
0.6225
0.611
0.6185
0.6255
0.6295
0.6235
0.628
0.617
0.62
0.62
0.6275
0.626
0.627
0.626
0.6245
0.624
0.62
0.623
0.6275
0.631
0.6315
0.6275
0.6275
0.631
0.626
0.63
0.629
0.641
0.63
0.631
0.637
0.6315
0.639
0.6265
0.644
0.6325
0.634
0.6385
0.631
0.6355
0.637
0.6295
0.627
0.635
0.624
0.6465
0.6435
0.6355
0.646
0.637
0.6275
0.6475
0.6385
0.638
0.655
0.6485
0.6435
0.6555
0.652
0.6355
0.649
0.6395
0.636
0.652
0.643
0.642
0.6405
0.6465
0.639
0.6445
0.648
0.641
0.6485
0.661
0.6465
0.6495
0.6595
0.6445
0.656
0.6535
0.6535
0.662
0.651
0.6465
0.6545
0.6435
0.652
0.664
0.6495
0.6605
0.652
0.66
0.649
0.654
0.6605
0.6655
0.6515
0.666
0.661
0.6465
0.6615
0.664
0.6725
0.6605
0.661
0.6585
0.659
0.6635
0.6625
0.6575
0.67
0.654
0.6695
0.6645
0.6625
0.6645
0.6675
0.673
0.6605
0.664
0.67
0.669
0.6715
0.6635
0.6685
0.6595
0.6695
0.6815
0.672
0.666
0.6675
0.6615
0.674
0.6705
0.669
0.6765
0.6695
0.671
0.664
0.681
0.6765
0.6835
0.664
0.6695
0.683
0.6745
0.668
0.6695
0.659
0.6705
0.6825
0.677
0.6845
0.6715
0.683
0.681
0.682
0.6725
0.683
0.691
0.688
0.6855
0.675
0.6745
0.678
0.6825
0.6765
0.6895
0.6775
0.6935
0.698
0.689
0.692
0.6895
0.6925
0.6905
0.6845
0.693
0.6805
0.6895
0.695
0.6965
0.701
0.691
0.6955
0.697
0.6775
0.6965
0.687
0.6875
0.686
0.6935
0.6955
0.6875
0.6945
0.6915
0.6865
0.6925
0.695
0.69
0.6955
0.6855
0.689
0.7035
0.699
0.7035
0.6925
0.694
0.695
0.69
0.7
0.69
0.695
0.693
0.701
0.69
0.685
0.698
0.698
0.696
0.6975
0.694
0.699
0.701
0.6975
0.689
0.6975
0.697
0.694
0.685
0.7025
0.698
0.6995
0.701
0.702
0.6975
0.6995
0.696
0.7025
0.701
0.705
0.696
0.7065
0.716
0.7
0.7065
0.701
0.7115
0.7025
0.708
0.7195
0.703
0.707
0.705
0.712
0.7125
0.714
0.6985
0.6995
0.7055
0.7195
0.7265
0.709
0.7145
0.7135
0.7045
0.715
0.7155
0.7095
0.7135
0.716
0.723
0.711
0.715
0.7095
0.715
0.7095
0.7145
0.711
0.718
0.718
0.715
0.7195
0.7105
0.711
0.7175
0.723
0.7185
0.7145
0.7105
0.713
0.7185
0.714
0.724
0.7135
0.7195
0.7195
0.7275
0.718
0.728
0.727
0.7235
0.7185
0.724
0.7305
0.7225
0.7225
0.7225
0.727
0.7185
0.7165
0.7265
0.732
0.721
0.719
0.7265
0.7305
0.7285
0.72
0.717
0.7225
0.73
0.7125
0.7165
0.7305
0.731
0.7285
0.7305
0.732
0.719
0.728
0.7305
0.729
0.7235
0.7245
0.722
0.721
0.725
0.727
0.728
0.71
0.7215
0.719
0.727
0.7175
0.72
0.722
0.73
0.727
0.722
0.7185
0.724
0.723
0.718
0.725
0.721
0.724
0.7215
0.729
0.7285
0.7205
0.7185
0.7235
0.734
0.7235
0.731
0.7305
0.737
0.731
0.723
0.726
0.735
0.731
0.7325
0.7445
0.732
0.7275
0.73
0.7355
0.7235
0.729
0.7445
0.7425
0.746
0.73
0.7335
0.749
0.733
0.723
0.7415
0.73
0.7315
0.736
0.7335
0.7245
0.7325
0.7335
0.7305
0.7425
0.744
0.729
0.7315
0.7375
0.727
0.731
0.745
0.7445
0.729
0.7425
0.734
0.7355
0.741
0.733
0.74
0.738
0.7385
0.742
0.7495
0.74
0.739
0.7375
0.753
0.748
0.743
0.744
0.7475
0.7435
0.741
0.7485
0.7485
0.7505
0.7385
0.7405
0.7445
0.7345
0.7455
0.744
0.7445
0.7415
0.741
0.741
0.748
0.74
0.7445
0.7445
0.74
0.739
0.7445
0.7515
0.7495
0.754
0.7445
0.746
0.748
0.749
0.746
0.7615
0.7595
0.752
0.7555
0.756
0.7495
0.76
0.742
0.758
0.752
0.751
0.7575
0.741
0.751
0.75
0.753
0.759
0.754
0.7445
0.759
0.756
0.744
0.756
0.7575
0.752
0.749
0.7415
0.7525
0.756
0.7605
0.764
0.748
0.7495
0.754
0.7605
0.7635
0.756
0.7555
0.7495
0.7495
0.741
0.7475
0.744
0.7575
0.7645
0.74
0.749
0.7525
0.7685
0.7615
0.758
0.7625
0.7555
0.754
0.756
0.763
0.7705
0.7605
0.7665
0.7625
0.7575
0.755
0.77
0.7585
0.7595
0.761
0.7745
0.758
0.774
0.769
0.7545
0.756
0.756
0.759
0.77
0.7685
0.759
0.7595
0.7545
0.7645
0.766
0.7665
0.764
0.7535
0.7735
0.769
0.765
0.7735
0.7695
0.7665
0.772
0.7585
0.772
0.7685
0.7615
0.767
0.766
0.7595
0.764
0.77
0.766
0.76
0.764
0.759
0.7605
0.763
0.773
0.7625
0.7755
0.7665
0.762
0.7675
0.7595
0.7715
0.7725
0.7665
0.7605
0.7615
0.769
0.767
0.7735
0.7585
0.765
0.761
0.763
0.76
0.7665
0.769
0.774
0.7685
0.7605
0.765
