0.0925
0.0995
0.099
0.0975
0.0935
0.097
0.0995
0.1195
0.102
0.4105
0.2215
0.1515
0.13
0.107
0.095
0.102
0.099
0.1095
0.1545
0.1685
0.1905
0.1805
0.164
0.169
0.1505
0.1465
0.15
0.1645
0.1445
0.1615
0.158
0.182
0.158
0.157
0.1765
0.162
0.159
0.175
0.1605
0.179
0.1885
0.167
0.1955
0.1795
0.1685
0.184
0.1765
0.1835
0.1905
0.18
0.1955
0.181
0.195
0.1955
0.193
0.2045
0.209
0.197
0.2105
0.208
0.199
0.202
0.214
0.2055
0.211
0.2035
0.2215
0.216
0.217
0.2
0.2215
0.222
0.2165
0.2295
0.223
0.2235
0.2285
0.247
0.2365
0.2435
0.2545
0.2605
0.2275
0.2525
0.2485
0.2695
0.2635
0.244
0.256
0.258
0.2665
0.268
0.2665
0.267
0.276
0.29
0.286
0.295
0.3015
0.3005
0.298
0.3175
0.297
0.2895
0.308
0.3265
0.3165
0.339
0.3255
0.3215
0.322
0.3185
0.3215
0.32
0.34
0.345
0.3465
0.355
0.3645
0.3725
0.378
0.3725
0.3615
0.364
0.3745
0.3705
0.392
0.3835
0.3965
0.388
0.3915
0.4
0.3995
0.3945
0.3945
0.403
0.406
0.427
0.42
0.4155
0.4135
0.413
0.43
0.4395
0.4485
0.4375
0.441
0.4495
0.4655
0.4635
0.463
0.479
0.4735
0.472
0.471
0.467
0.475
0.4785
0.4865
0.4905
0.5095
0.5105
0.5135
0.5155
0.5125
0.509
0.516
0.5115
0.5265
0.5305
0.535
0.535
0.5415
0.543
0.538
0.541
0.549
0.547
0.5475
0.5545
0.556
0.56
0.563
0.5795
0.5815
0.573
0.574
0.579
0.577
0.589
0.585
0.5895
0.5935
0.583
0.5935
0.5935
0.599
0.6015
0.605
0.601
0.6095
0.6075
0.604
0.6055
0.606
0.6125
0.62
0.6225
0.627
0.629
0.636
0.643
0.6435
0.644
0.6485
0.648
0.649
0.6435
0.64
0.641
0.6455
0.633
0.6425
0.648
0.648
0.653
0.656
0.659
0.6605
0.6685
0.679
0.6755
0.674
0.6675
0.668
0.6685
0.667
0.667
0.677
0.6775
0.675
0.679
0.6825
0.686
0.693
0.6925
0.692
0.693
0.697
0.7015
0.705
0.707
0.707
0.7055
0.697
0.701
0.6975
0.7075
0.7175
0.715
0.713
0.707
0.7075
0.7155
0.718
0.7145
0.7195
0.722
0.718
0.7235
0.7255
0.723
0.72
0.7235
0.723
0.7295
0.7315
0.731
0.7345
0.7385
0.737
0.7345
0.726
0.7275
0.729
0.7265
0.7305
0.7255
0.723
0.7235
0.725
0.7285
0.7205
0.7265
0.728
0.731
0.726
0.7295
0.7305
0.7335
0.7385
0.7345
0.744
0.75
0.7445
0.75
0.7475
0.747
0.7495
0.7485
0.745
0.745
0.742
0.7465
0.7505
0.7525
0.7605
0.7605
0.759
0.763
0.7615
0.759
0.7615
0.759
0.757
0.7585
0.7645
0.7665
0.7655
0.763
0.764
0.765
0.7705
0.7705
0.7695
0.7685
0.7715
0.774
0.776
0.7725
0.77
0.7685
0.766
0.767
0.7645
0.76
0.7635
0.766
0.7635
0.7665
0.7655
0.7675
0.7755
0.771
0.7735
0.771
0.7695
0.771
0.773
0.774
0.771
0.7715
0.7675
0.7685
0.77
0.7745
0.7735
0.7705
0.773
0.776
0.77
0.7755
0.7735
0.775
0.77
0.7735
0.7745
0.78
0.774
0.776
0.7775
0.78
0.7815
0.779
0.782
0.7815
0.783
0.7845
0.7865
0.7855
0.78
0.781
0.7795
0.7765
0.779
0.7735
0.771
0.773
0.7785
0.7775
0.78
0.781
0.78
0.778
0.7795
0.7785
0.782
0.7805
0.78
0.7805
0.789
0.7885
0.7865
0.7885
0.7895
0.7895
0.791
0.7915
0.791
0.794
0.7885
0.7875
0.7865
0.787
0.79
0.7945
0.7945
0.796
0.799
0.7955
0.796
0.7965
0.796
0.796
0.7995
0.797
0.799
0.7965
0.7945
0.798
0.801
0.8035
0.802
0.8
0.7985
0.8005
0.8
0.8035
0.803
0.807
0.806
0.8115
0.8085
0.8065
0.8025
0.802
0.804
0.8045
0.804
0.805
0.804
0.8035
0.804
0.8045
0.805
0.8035
0.805
0.804
0.8045
0.806
0.8055
0.8095
0.811
0.81
0.809
0.808
0.811
0.808
0.8065
0.8115
0.812
0.8115
0.809
0.812
0.8145
0.815
0.816
0.815
0.8175
0.816
0.816
0.817
0.819
0.82
0.8175
0.82
0.818
0.82
0.8185
0.823
0.8175
0.8175
0.8205
0.8225
0.823
0.8215
0.826
0.8235
0.823
0.819
0.8195
0.8195
0.818
0.819
0.819
0.819
0.8185
0.819
0.8205
0.82
0.82
0.821
0.8205
0.8215
0.8205
0.819
0.8175
0.819
0.819
0.8215
0.8195
0.823
0.8245
0.8225
0.8205
0.8235
0.82
0.8195
0.8205
0.8185
0.8215
0.8215
0.821
0.821
0.822
0.8225
0.82
0.819
0.824
0.8235
0.8215
0.8225
0.823
0.8255
0.8255
0.824
0.8255
0.827
0.8275
0.824
0.823
0.8195
0.8195
0.823
0.821
0.821
0.823
0.8235
0.827
0.8275
0.8315
0.8295
0.828
0.8285
0.8295
0.832
0.832
0.8295
0.8305
0.827
0.83
0.828
0.8325
0.8295
0.8295
0.8305
0.8315
0.8315
0.832
0.833
0.83
0.829
0.825
0.823
0.829
0.828
0.827
0.8275
0.8315
0.832
0.8335
0.8315
0.83
0.831
0.833
0.831
0.829
0.829
0.8315
0.8305
0.831
0.833
0.8295
0.835
0.8345
0.836
0.833
0.833
0.8305
0.8285
0.8295
0.8275
0.83
0.828
0.825
0.825
0.8225
0.821
0.8225
0.823
0.8245
0.8275
0.828
0.828
0.831
0.832
0.8335
0.831
0.832
0.8305
0.8285
0.8285
0.831
0.8275
0.831
0.828
0.828
0.8285
0.8265
0.8255
0.8245
0.8275
0.827
0.8285
0.8265
0.8245
0.825
0.83
0.8325
0.8315
0.8335
0.8305
0.831
0.8295
0.832
0.83
0.832
0.83
0.83
0.8305
0.829
0.832
0.83
0.8305
0.8255
0.8265
0.825
0.826
0.827
0.825
0.824
0.8255
0.827
0.8265
0.8245
0.822
0.8265
0.826
0.828
0.828
0.8275
0.829
0.8305
0.8275
0.8245
0.8225
0.8215
0.8215
0.8205
0.821
0.821
0.8195
0.821
0.8175
0.8225
0.823
0.8245
0.8245
0.824
0.8235
0.8245
0.8265
0.823
0.8225
0.8245
0.827
0.828
0.828
0.8285
0.827
0.8275
0.8285
0.8285
0.8295
0.8285
0.828
0.8275
0.831
0.8365
0.835
0.834
0.8325
0.8305
0.8325
0.8325
0.8355
0.8355
0.836
0.834
0.8345
0.837
0.8365
0.8355
0.836
0.838
0.8335
0.835
0.8375
0.8385
0.8395
0.8385
0.836
0.8365
0.836
0.838
0.8405
0.8375
0.8375
0.839
0.837
0.8365
0.8375
0.8375
0.8385
0.8385
0.839
0.838
0.8405
0.84
0.84
0.84
0.8415
0.8385
0.84
0.8395
0.8385
0.839
0.8395
0.8385
0.8405
0.84
0.839
0.839
0.84
0.841
0.8395
0.839
0.843
0.8425
0.8425
0.8425
0.843
0.842
0.8415
0.8455
0.8435
0.8445
0.843
0.844
0.843
0.844
0.8435
0.8435
0.843
0.8415
0.8445
0.846
0.8465
0.8465
0.849
0.8475
0.8465
0.847
0.848
0.8485
0.845
0.8435
0.8455
0.844
0.8435
0.8425
0.8435
0.8455
0.8455
0.845
0.8455
0.845
0.8465
0.846
0.8435
0.845
0.8435
0.844
0.8445
0.8445
0.845
0.846
0.8445
0.844
0.845
0.8445
0.844
0.8445
0.844
0.8455
0.845
0.843
0.847
0.8445
0.844
0.842
0.843
0.845
0.845
0.844
0.8455
0.845
0.8445
0.843
0.844
0.8455
0.8465
0.8435
0.8425
0.84
0.841
0.841
0.8415
0.842
0.8405
0.8405
0.843
0.8425
0.8435
0.842
0.843
0.8435
0.8415
0.843
0.8435
0.8445
0.8445
0.8475
0.8475
0.851
0.85
0.8525
0.852
0.8525
0.8525
0.851
0.849
0.8505
0.849
0.8505
0.85
0.8495
0.8505
0.852
0.851
0.8515
0.8525
0.8505
0.85
0.849
0.8475
0.848
0.8465
0.8475
0.846
0.8465
0.849
0.8485
0.851
0.8505
0.8505
0.8485
0.847
0.8495
0.851
0.851
0.85
0.851
0.8495
0.8505
0.853
0.852
0.8515
0.8525
0.8515
0.85
0.8515
0.85
0.851
0.848
0.847
0.8455
0.8465
0.848
0.8495
0.848
0.847
0.847
0.8455
0.8465
0.8475
0.8465
0.848
0.8475
0.847
0.8445
0.845
0.845
0.8465
0.847
0.8465
0.846
0.846
0.8465
0.8475
0.8475
0.8505
0.8505
0.85
0.85
0.8515
0.851
0.8515
0.851
0.8515
0.851
0.851
0.853
0.853
0.8505
0.851
0.8535
0.858
0.858
0.856
0.8555
0.855
0.8585
0.855
0.8545
0.8575
0.8575
0.857
0.8575
0.8585
0.8575
0.858
0.8585
0.8575
0.857
0.8565
0.8545
0.855
0.8555
0.856
