0.11
0.124
0.1525
0.171
0.1685
0.186
0.19
0.191
0.1845
0.2515
0.3745
0.4065
0.459
0.4765
0.5125
0.522
0.5275
0.541
0.552
0.5635
0.5765
0.5845
0.5865
0.596
0.608
0.619
0.6205
0.63
0.629
0.6345
0.636
0.6415
0.6455
0.6475
0.647
0.6555
0.6665
0.6585
0.6585
0.663
0.6695
0.6705
0.675
0.6795
0.681
0.68
0.6845
0.69
0.69
0.692
0.6915
0.6955
0.6905
0.695
0.6985
0.7035
0.7035
0.7035
0.698
0.7025
0.7075
0.7045
0.7025
0.704
0.711
0.712
0.711
0.713
0.714
0.7125
0.714
0.716
0.716
0.7145
0.716
0.717
0.7185
0.719
0.7175
0.7235
0.7245
0.7225
0.719
0.7205
0.7155
0.719
0.724
0.727
0.7235
0.723
0.72
0.722
0.724
0.724
0.7225
0.7245
0.7225
0.725
0.7225
0.7195
0.7235
0.7265
0.7295
0.725
0.7275
0.7265
0.7285
0.73
0.7295
0.734
0.735
0.733
0.733
0.734
0.734
0.7355
0.7375
0.7365
0.7395
0.7435
0.7435
0.743
0.7455
0.7445
0.7455
0.741
0.745
0.744
0.7465
0.742
0.738
0.745
0.7475
0.7485
0.746
0.7475
0.75
0.748
0.7455
0.7475
0.749
0.747
0.748
0.747
0.752
0.75
0.75
0.748
0.753
0.7535
0.756
0.7575
0.754
0.758
0.758
0.7575
0.76
0.755
0.757
0.7575
0.757
0.7585
0.7615
0.7625
0.762
0.764
0.761
0.7645
0.762
0.7615
0.763
0.7625
0.7625
0.7595
0.76
0.76
0.759
0.761
0.7605
0.763
0.759
0.765
0.7665
0.7655
0.7635
0.7675
0.7625
0.7605
0.764
0.764
0.7655
0.7675
0.765
0.766
0.764
0.7645
0.7645
0.763
0.762
0.7615
0.762
0.7605
0.759
0.7555
0.756
0.76
0.759
0.7605
0.761
0.7635
0.761
0.7615
0.763
0.7625
0.7655
0.7645
0.7595
0.7605
0.7595
0.761
0.7605
0.7635
0.769
0.7655
0.76
0.7625
0.764
0.7685
0.767
0.7645
0.762
0.7675
0.766
0.765
0.764
0.7595
0.7615
0.7605
0.7595
0.759
0.757
0.7605
0.7585
0.758
0.7585
0.761
0.7585
0.7595
0.762
0.7585
0.7595
0.758
0.758
0.759
0.7595
0.761
0.7605
0.7615
0.763
0.7595
0.7595
0.757
0.7585
0.7585
0.761
0.7645
0.7635
0.7615
0.7625
0.7605
0.7635
0.761
0.759
0.7585
0.76
0.761
0.762
0.7645
0.7655
0.762
0.764
0.7635
0.764
0.764
0.7645
0.765
0.762
0.763
0.7595
0.762
0.7615
0.759
0.76
0.7605
0.756
0.757
0.757
0.758
0.761
0.758
0.758
0.755
0.7595
0.761
0.7615
0.7635
0.759
0.761
0.7595
0.7605
0.7615
0.7595
0.76
0.759
0.7595
0.7585
0.762
0.762
0.762
0.7555
0.7545
0.7525
0.7535
0.757
0.755
0.7585
0.7615
0.7585
0.7605
0.7595
0.7585
0.7615
0.76
0.758
0.758
0.757
0.758
0.7605
0.7605
0.759
0.755
0.755
0.754
0.752
0.7485
0.7505
0.746
0.749
0.7455
0.752
0.7505
0.751
0.7535
0.7515
0.754
0.7575
0.752
0.756
0.7535
0.753
0.7545
0.754
0.752
0.7515
0.7495
0.7525
0.7485
0.748
0.747
0.7485
0.7495
0.751
0.7515
0.752
0.7505
0.7515
0.7535
0.7495
0.7505
0.7495
0.747
0.748
0.747
0.7465
0.7525
0.752
0.7545
0.752
0.7525
0.7525
0.758
0.7585
0.756
0.756
0.754
0.7535
0.76
0.759
0.7605
0.758
0.7605
0.761
0.761
0.7575
0.7595
0.7585
0.759
0.76
0.761
0.762
0.763
0.7625
0.7635
0.761
0.7635
0.7635
0.764
0.763
0.7655
0.7685
0.768
0.7705
0.767
0.768
0.769
0.77
0.7685
0.7665
0.7675
0.769
0.769
0.7705
0.7695
0.77
0.768
0.77
0.771
0.771
0.773
0.7745
0.7755
0.775
0.7785
0.7795
0.7785
0.7765
0.777
0.7725
0.7745
0.7725
0.7745
0.7755
0.7775
0.7745
0.776
0.775
0.7765
0.78
0.7805
0.7785
0.7775
0.7775
0.781
0.781
0.7835
0.783
0.784
0.78
0.782
0.7785
0.779
0.782
0.783
0.7835
0.7845
0.779
0.776
0.78
0.775
0.7795
0.781
0.78
0.782
0.7795
0.7815
0.7775
0.7795
0.7805
0.781
0.7775
0.7785
0.777
0.7765
0.778
0.7775
0.779
0.778
0.7775
0.776
0.779
0.78
0.7795
0.7815
0.777
0.776
0.777
0.7805
0.7805
0.78
0.7765
0.7755
0.775
0.7775
0.7815
0.781
0.7785
0.7815
0.78
0.7835
0.7785
0.7815
0.7835
0.7835
0.7875
0.7905
0.79
0.787
0.786
0.7875
0.784
0.7855
0.786
0.7875
0.7835
0.7835
0.787
0.785
0.7835
0.7835
0.7845
0.785
0.784
0.7825
0.786
0.789
0.792
0.7905
0.79
0.789
0.789
0.7885
0.789
0.786
0.788
0.787
0.7885
0.7885
0.79
0.789
0.7915
0.7915
0.788
0.788
0.79
0.7905
0.7905
0.791
0.7945
0.794
0.795
0.791
0.791
0.7935
0.792
0.791
0.7885
0.7915
0.7905
0.791
0.7905
0.7895
0.7915
0.791
0.789
0.788
0.7865
0.7885
0.791
0.788
0.787
0.788
0.79
0.787
0.7875
0.7885
0.7875
0.7885
0.7885
0.788
0.787
0.7865
0.7895
0.7895
0.7895
0.789
0.7865
0.7845
0.784
0.782
0.781
0.7815
0.7825
0.7825
0.7825
0.781
0.782
0.7815
0.78
0.7795
0.7815
0.78
0.783
0.783
0.7845
0.7835
0.7825
0.784
0.784
0.784
0.7845
0.79
0.7885
0.789
0.789
0.792
0.791
0.794
0.792
0.792
0.79
0.7895
0.788
0.787
0.785
0.791
0.7925
0.792
0.7925
0.795
0.793
0.7945
0.794
0.791
0.789
0.791
0.7915
0.7895
0.7905
0.79
0.7915
0.7915
0.792
0.79
0.7875
0.786
0.7825
0.788
0.7915
0.7875
0.7945
0.7915
0.79
0.7895
0.7915
0.788
0.7865
0.7885
0.7895
0.793
0.792
0.793
0.793
0.7925
0.79
0.7895
0.788
0.79
0.789
0.7895
0.7895
0.7935
0.793
0.792
0.798
0.7985
0.8
0.801
0.803
0.8
0.7995
0.8015
0.7985
0.797
0.7985
0.7985
0.799
0.7995
0.7985
0.8
0.799
0.804
0.8025
0.8065
0.8025
0.804
0.806
0.8015
0.7985
0.8
0.802
0.8035
0.805
0.8035
0.801
0.801
0.801
0.798
0.799
0.7995
0.799
0.7985
0.798
0.7985
0.801
0.8
0.7995
0.804
0.807
0.8065
0.8075
0.807
0.8075
0.802
0.805
0.801
0.7995
0.8005
0.8015
0.8015
0.8005
0.802
0.802
0.804
0.8045
0.803
0.8035
0.806
0.805
0.8045
0.8015
0.8
0.8005
0.8045
0.8065
0.8045
0.805
0.807
0.8065
0.806
0.8015
0.802
0.8015
0.7995
0.804
0.8035
0.8035
0.8035
0.806
0.807
0.809
0.8075
0.8085
0.81
0.811
0.811
0.8095
0.809
0.806
0.806
0.805
0.8035
0.804
0.805
0.805
0.808
0.81
0.812
0.8115
0.8115
0.8105
0.8115
0.8115
0.811
0.8125
0.8115
0.812
0.813
0.8145
0.8125
0.81
0.811
0.809
0.808
0.8095
0.809
0.8075
0.809
0.809
0.8085
0.8085
0.8095
0.81
0.8095
0.81
0.8085
0.81
0.8085
0.8105
0.8125
0.813
0.811
0.8125
0.8115
0.8125
0.814
0.8125
0.8115
0.8115
0.8105
0.8095
0.81
0.8115
0.813
0.8115
0.81
0.8105
0.808
0.8095
0.8095
0.811
0.8095
0.811
0.811
0.8085
0.8095
0.809
0.81
0.81
0.8105
0.8105
0.81
0.809
0.8085
0.808
0.8085
0.8095
0.8095
0.8085
0.809
0.809
0.8085
0.807
0.806
0.8055
0.805
0.806
0.8075
0.8055
0.805
0.8065
0.809
0.81
0.806
0.8065
0.8065
0.807
0.8065
0.8075
0.8065
0.807
0.8085
0.81
0.809
0.8105
0.812
0.8115
0.8125
0.809
0.8085
0.8085
0.805
0.8075
0.8075
0.8085
0.8065
0.808
0.8065
0.8065
0.8085
0.8085
0.8075
0.812
0.8125
0.8105
0.813
0.8135
0.811
0.815
0.811
0.811
0.812
0.8125
0.812
0.8095
0.809
0.8075
0.8055
0.8085
0.8085
0.8085
0.808
0.809
0.807
0.808
0.8065
0.811
0.8085
0.8075
0.8045
0.804
0.805
0.805
0.807
0.8085
0.8065
0.8075
0.8075
0.809
0.807
0.808
0.8095
0.8095
0.81
0.8105
0.8105
0.8125
0.8105
0.811
0.812
0.813
0.8165
0.8135
0.813
0.8135
0.8125
0.813
0.8145
0.817
0.816
0.8155
0.811
0.8135
0.815
0.814
0.8165
0.816
0.8145
0.814
0.8155
0.817
0.814
0.814
0.812
0.812
0.8145
0.8125
0.813
0.815
0.8165
0.818
0.818
0.8195
0.8205
0.819
0.8205
0.823
0.822
0.8215
0.821
0.823
