1263,1
1410,2
1513,3
1653,4
1786,5
1813,6
1860,7
2041,8
2077,9
2115,10
2142,11
2232,12
2265,13
2321,14
2440,15
2468,16
2600,17
2624,18
2653,19
2680,20
2768,21
2846,22
2872,23
3039,24
3104,25
3200,26
3224,27
3288,28
3307,29
3345,30
3397,31
3415,32
3445,33
3458,34
3544,35
3568,36
3625,37
3659,38
3680,39
3780,40
3824,41
3843,42
3861,43
3946,44
3984,45
4003,46
4012,47
4055,48
4075,49
4101,50
4119,51
4160,52
4175,53
4202,54
4218,55
4253,56
4272,57
4281,58
4311,59
4378,60
4400,61
4426,62
4445,63
4464,64
4532,65
4608,66
4626,67
4693,68
4750,69
4853,70
4872,71
4896,72
4946,73
4977,74
4995,75
5014,76
5047,77
5069,78
5086,79
5146,80
5190,81
5209,82
5223,83
5246,84
5253,85
5265,86
5288,87
5310,88
5333,89
5352,90
5447,91
5465,92
5511,93
5539,94
5550,95
5566,96
5604,97
5642,98
5658,99
5674,100
5730,101
5743,102
5752,103
5764,104
5771,105
5781,106
5788,107
5802,108
5809,109
5826,110
5833,111
5844,112
5867,113
5899,114
5924,115
5937,116
5944,117
5957,118
5967,119
5977,120
5988,121
5998,122
6023,123
6030,124
6038,125
6046,126
6054,127
6076,128
6083,129
6103,130
6110,131
6117,132
6126,133
6133,134
6140,135
6147,136
6155,137
6163,138
6176,139
6183,140
6198,141
6205,142
6219,143
6269,144
6278,145
6285,146
6292,147
6300,148
6307,149
6314,150
6322,151
6329,152
6340,153
6376,154
6389,155
6403,156
6419,157
6441,158
6479,159
6491,160
6498,161
6508,162
6523,163
6544,164
6600,165
6647,166
6661,167
6672,168
6679,169
6686,170
6721,171
6729,172
6736,173
6743,174
6750,175
6757,176
6802,177
6819,178
6833,179
6844,180
6852,181
6867,182
6874,183
6881,184
6888,185
6895,186
6902,187
6909,188
6916,189
6923,190
6935,191
6945,192
6952,193
6960,194
6968,195
6975,196
6982,197
6989,198
6996,199
7003,200
7010,201
7029,202
7043,203
7053,204
7085,205
7093,206
7100,207
7108,208
7115,209
7122,210
7137,211
7144,212
7151,213
7158,214
7165,215
7172,216
7179,217
7186,218
7203,219
7220,220
7227,221
7234,222
7259,223
7266,224
7273,225
7280,226
7287,227
7300,228
7309,229
7316,230
7323,231
7342,232
7351,233
7364,234
7385,235
7392,236
7409,237
7423,238
7440,239
7458,240
7466,241
7474,242
7482,243
7494,244
7501,245
7518,246
7526,247
7534,248
7562,249
7570,250
7577,251
7584,252
7591,253
7603,254
7613,255
7623,256
7631,257
7639,258
7694,259
7713,260
7720,261
7731,262
7738,263
7774,264
7793,265
7804,266
7813,267
7821,268
7833,269
7840,270
7854,271
7867,272
7874,273
7881,274
7888,275
7895,276
7902,277
7909,278
7916,279
7925,280
7935,281
7955,282
7964,283
7971,284
7984,285
7991,286
7998,287
8007,288
